/Users/pengli/PycharmProjects/cs224n/assignment1/.env/bin/python /Users/pengli/PycharmProjects/cs224n/assignment1/q3_word2vec1.py
Testing normalizeRows...
[[ 0.6         0.8       ]
 [ 0.4472136   0.89442719]]

==== Gradient check for skip-gram ====
grad in check
[[ 0.          0.          0.        ]
 [ 0.56167266  0.51110137 -1.58020533]
 [ 0.          0.          0.        ]
 [ 0.          0.          0.        ]
 [ 0.          0.          0.        ]
 [-0.5922291   0.3866189   0.38230779]
 [ 0.35322034 -0.23058924 -0.22801798]
 [ 0.21823586 -0.1424687  -0.14088005]
 [ 0.4782497  -0.31221089 -0.30872948]
 [-0.45747679  0.29864992  0.29531973]]
x
[[-0.96735714 -0.02182641  0.25247529]
 [ 0.73663029 -0.48088687 -0.47552459]
 [-0.27323645  0.12538062  0.95374082]
 [-0.56713774 -0.27178229 -0.77748902]
 [-0.59609459  0.7795666   0.19221644]
 [-0.6831809  -0.04200519  0.72904007]
 [ 0.18289107  0.76098587 -0.62245591]
 [-0.61517874  0.5147624  -0.59713884]
 [-0.33867074 -0.80966534 -0.47931635]
 [-0.52629529 -0.78190408  0.33412466]]
x pos
[[-0.96725714 -0.02182641  0.25247529]
 [ 0.73663029 -0.48088687 -0.47552459]
 [-0.27323645  0.12538062  0.95374082]
 [-0.56713774 -0.27178229 -0.77748902]
 [-0.59609459  0.7795666   0.19221644]
 [-0.6831809  -0.04200519  0.72904007]
 [ 0.18289107  0.76098587 -0.62245591]
 [-0.61517874  0.5147624  -0.59713884]
 [-0.33867074 -0.80966534 -0.47931635]
 [-0.52629529 -0.78190408  0.33412466]]
x neg
[[-0.96745714 -0.02182641  0.25247529]
 [ 0.73663029 -0.48088687 -0.47552459]
 [-0.27323645  0.12538062  0.95374082]
 [-0.56713774 -0.27178229 -0.77748902]
 [-0.59609459  0.7795666   0.19221644]
 [-0.6831809  -0.04200519  0.72904007]
 [ 0.18289107  0.76098587 -0.62245591]
 [-0.61517874  0.5147624  -0.59713884]
 [-0.33867074 -0.80966534 -0.47931635]
 [-0.52629529 -0.78190408  0.33412466]]
ix (0, 0) f_p 3.98610931916 f_n 3.98610931916 numgrad 0.0 grad[ix] 0.0
x pos
[[-0.96735714 -0.02172641  0.25247529]
 [ 0.73663029 -0.48088687 -0.47552459]
 [-0.27323645  0.12538062  0.95374082]
 [-0.56713774 -0.27178229 -0.77748902]
 [-0.59609459  0.7795666   0.19221644]
 [-0.6831809  -0.04200519  0.72904007]
 [ 0.18289107  0.76098587 -0.62245591]
 [-0.61517874  0.5147624  -0.59713884]
 [-0.33867074 -0.80966534 -0.47931635]
 [-0.52629529 -0.78190408  0.33412466]]
x neg
[[-0.96735714 -0.02192641  0.25247529]
 [ 0.73663029 -0.48088687 -0.47552459]
 [-0.27323645  0.12538062  0.95374082]
 [-0.56713774 -0.27178229 -0.77748902]
 [-0.59609459  0.7795666   0.19221644]
 [-0.6831809  -0.04200519  0.72904007]
 [ 0.18289107  0.76098587 -0.62245591]
 [-0.61517874  0.5147624  -0.59713884]
 [-0.33867074 -0.80966534 -0.47931635]
 [-0.52629529 -0.78190408  0.33412466]]
ix (0, 1) f_p 3.98610931916 f_n 3.98610931916 numgrad 0.0 grad[ix] 0.0
x pos
[[-0.96735714 -0.02182641  0.25257529]
 [ 0.73663029 -0.48088687 -0.47552459]
 [-0.27323645  0.12538062  0.95374082]
 [-0.56713774 -0.27178229 -0.77748902]
 [-0.59609459  0.7795666   0.19221644]
 [-0.6831809  -0.04200519  0.72904007]
 [ 0.18289107  0.76098587 -0.62245591]
 [-0.61517874  0.5147624  -0.59713884]
 [-0.33867074 -0.80966534 -0.47931635]
 [-0.52629529 -0.78190408  0.33412466]]
x neg
[[-0.96735714 -0.02182641  0.25237529]
 [ 0.73663029 -0.48088687 -0.47552459]
 [-0.27323645  0.12538062  0.95374082]
 [-0.56713774 -0.27178229 -0.77748902]
 [-0.59609459  0.7795666   0.19221644]
 [-0.6831809  -0.04200519  0.72904007]
 [ 0.18289107  0.76098587 -0.62245591]
 [-0.61517874  0.5147624  -0.59713884]
 [-0.33867074 -0.80966534 -0.47931635]
 [-0.52629529 -0.78190408  0.33412466]]
ix (0, 2) f_p 3.98610931916 f_n 3.98610931916 numgrad 0.0 grad[ix] 0.0
x pos
[[-0.96735714 -0.02182641  0.25247529]
 [ 0.73673029 -0.48088687 -0.47552459]
 [-0.27323645  0.12538062  0.95374082]
 [-0.56713774 -0.27178229 -0.77748902]
 [-0.59609459  0.7795666   0.19221644]
 [-0.6831809  -0.04200519  0.72904007]
 [ 0.18289107  0.76098587 -0.62245591]
 [-0.61517874  0.5147624  -0.59713884]
 [-0.33867074 -0.80966534 -0.47931635]
 [-0.52629529 -0.78190408  0.33412466]]
x neg
[[-0.96735714 -0.02182641  0.25247529]
 [ 0.73653029 -0.48088687 -0.47552459]
 [-0.27323645  0.12538062  0.95374082]
 [-0.56713774 -0.27178229 -0.77748902]
 [-0.59609459  0.7795666   0.19221644]
 [-0.6831809  -0.04200519  0.72904007]
 [ 0.18289107  0.76098587 -0.62245591]
 [-0.61517874  0.5147624  -0.59713884]
 [-0.33867074 -0.80966534 -0.47931635]
 [-0.52629529 -0.78190408  0.33412466]]
ix (1, 0) f_p 3.98616548737 f_n 3.98605315284 numgrad 0.561672664892 grad[ix] 0.561672664822
x pos
[[-0.96735714 -0.02182641  0.25247529]
 [ 0.73663029 -0.48078687 -0.47552459]
 [-0.27323645  0.12538062  0.95374082]
 [-0.56713774 -0.27178229 -0.77748902]
 [-0.59609459  0.7795666   0.19221644]
 [-0.6831809  -0.04200519  0.72904007]
 [ 0.18289107  0.76098587 -0.62245591]
 [-0.61517874  0.5147624  -0.59713884]
 [-0.33867074 -0.80966534 -0.47931635]
 [-0.52629529 -0.78190408  0.33412466]]
x neg
[[-0.96735714 -0.02182641  0.25247529]
 [ 0.73663029 -0.48098687 -0.47552459]
 [-0.27323645  0.12538062  0.95374082]
 [-0.56713774 -0.27178229 -0.77748902]
 [-0.59609459  0.7795666   0.19221644]
 [-0.6831809  -0.04200519  0.72904007]
 [ 0.18289107  0.76098587 -0.62245591]
 [-0.61517874  0.5147624  -0.59713884]
 [-0.33867074 -0.80966534 -0.47931635]
 [-0.52629529 -0.78190408  0.33412466]]
ix (1, 1) f_p 3.98616043412 f_n 3.98605821385 numgrad 0.511101373224 grad[ix] 0.511101372917
x pos
[[-0.96735714 -0.02182641  0.25247529]
 [ 0.73663029 -0.48088687 -0.47542459]
 [-0.27323645  0.12538062  0.95374082]
 [-0.56713774 -0.27178229 -0.77748902]
 [-0.59609459  0.7795666   0.19221644]
 [-0.6831809  -0.04200519  0.72904007]
 [ 0.18289107  0.76098587 -0.62245591]
 [-0.61517874  0.5147624  -0.59713884]
 [-0.33867074 -0.80966534 -0.47931635]
 [-0.52629529 -0.78190408  0.33412466]]
x neg
[[-0.96735714 -0.02182641  0.25247529]
 [ 0.73663029 -0.48088687 -0.47562459]
 [-0.27323645  0.12538062  0.95374082]
 [-0.56713774 -0.27178229 -0.77748902]
 [-0.59609459  0.7795666   0.19221644]
 [-0.6831809  -0.04200519  0.72904007]
 [ 0.18289107  0.76098587 -0.62245591]
 [-0.61517874  0.5147624  -0.59713884]
 [-0.33867074 -0.80966534 -0.47931635]
 [-0.52629529 -0.78190408  0.33412466]]
ix (1, 2) f_p 3.9859513009 f_n 3.98626734196 numgrad -1.58020532667 grad[ix] -1.58020532705
x pos
[[-0.96735714 -0.02182641  0.25247529]
 [ 0.73663029 -0.48088687 -0.47552459]
 [-0.27313645  0.12538062  0.95374082]
 [-0.56713774 -0.27178229 -0.77748902]
 [-0.59609459  0.7795666   0.19221644]
 [-0.6831809  -0.04200519  0.72904007]
 [ 0.18289107  0.76098587 -0.62245591]
 [-0.61517874  0.5147624  -0.59713884]
 [-0.33867074 -0.80966534 -0.47931635]
 [-0.52629529 -0.78190408  0.33412466]]
x neg
[[-0.96735714 -0.02182641  0.25247529]
 [ 0.73663029 -0.48088687 -0.47552459]
 [-0.27333645  0.12538062  0.95374082]
 [-0.56713774 -0.27178229 -0.77748902]
 [-0.59609459  0.7795666   0.19221644]
 [-0.6831809  -0.04200519  0.72904007]
 [ 0.18289107  0.76098587 -0.62245591]
 [-0.61517874  0.5147624  -0.59713884]
 [-0.33867074 -0.80966534 -0.47931635]
 [-0.52629529 -0.78190408  0.33412466]]
ix (2, 0) f_p 3.98610931916 f_n 3.98610931916 numgrad 0.0 grad[ix] 0.0
x pos
[[-0.96735714 -0.02182641  0.25247529]
 [ 0.73663029 -0.48088687 -0.47552459]
 [-0.27323645  0.12548062  0.95374082]
 [-0.56713774 -0.27178229 -0.77748902]
 [-0.59609459  0.7795666   0.19221644]
 [-0.6831809  -0.04200519  0.72904007]
 [ 0.18289107  0.76098587 -0.62245591]
 [-0.61517874  0.5147624  -0.59713884]
 [-0.33867074 -0.80966534 -0.47931635]
 [-0.52629529 -0.78190408  0.33412466]]
x neg
[[-0.96735714 -0.02182641  0.25247529]
 [ 0.73663029 -0.48088687 -0.47552459]
 [-0.27323645  0.12528062  0.95374082]
 [-0.56713774 -0.27178229 -0.77748902]
 [-0.59609459  0.7795666   0.19221644]
 [-0.6831809  -0.04200519  0.72904007]
 [ 0.18289107  0.76098587 -0.62245591]
 [-0.61517874  0.5147624  -0.59713884]
 [-0.33867074 -0.80966534 -0.47931635]
 [-0.52629529 -0.78190408  0.33412466]]
ix (2, 1) f_p 3.98610931916 f_n 3.98610931916 numgrad 0.0 grad[ix] 0.0
x pos
[[-0.96735714 -0.02182641  0.25247529]
 [ 0.73663029 -0.48088687 -0.47552459]
 [-0.27323645  0.12538062  0.95384082]
 [-0.56713774 -0.27178229 -0.77748902]
 [-0.59609459  0.7795666   0.19221644]
 [-0.6831809  -0.04200519  0.72904007]
 [ 0.18289107  0.76098587 -0.62245591]
 [-0.61517874  0.5147624  -0.59713884]
 [-0.33867074 -0.80966534 -0.47931635]
 [-0.52629529 -0.78190408  0.33412466]]
x neg
[[-0.96735714 -0.02182641  0.25247529]
 [ 0.73663029 -0.48088687 -0.47552459]
 [-0.27323645  0.12538062  0.95364082]
 [-0.56713774 -0.27178229 -0.77748902]
 [-0.59609459  0.7795666   0.19221644]
 [-0.6831809  -0.04200519  0.72904007]
 [ 0.18289107  0.76098587 -0.62245591]
 [-0.61517874  0.5147624  -0.59713884]
 [-0.33867074 -0.80966534 -0.47931635]
 [-0.52629529 -0.78190408  0.33412466]]
ix (2, 2) f_p 3.98610931916 f_n 3.98610931916 numgrad 0.0 grad[ix] 0.0
x pos
[[-0.96735714 -0.02182641  0.25247529]
 [ 0.73663029 -0.48088687 -0.47552459]
 [-0.27323645  0.12538062  0.95374082]
 [-0.56703774 -0.27178229 -0.77748902]
 [-0.59609459  0.7795666   0.19221644]
 [-0.6831809  -0.04200519  0.72904007]
 [ 0.18289107  0.76098587 -0.62245591]
 [-0.61517874  0.5147624  -0.59713884]
 [-0.33867074 -0.80966534 -0.47931635]
 [-0.52629529 -0.78190408  0.33412466]]
x neg
[[-0.96735714 -0.02182641  0.25247529]
 [ 0.73663029 -0.48088687 -0.47552459]
 [-0.27323645  0.12538062  0.95374082]
 [-0.56723774 -0.27178229 -0.77748902]
 [-0.59609459  0.7795666   0.19221644]
 [-0.6831809  -0.04200519  0.72904007]
 [ 0.18289107  0.76098587 -0.62245591]
 [-0.61517874  0.5147624  -0.59713884]
 [-0.33867074 -0.80966534 -0.47931635]
 [-0.52629529 -0.78190408  0.33412466]]
ix (3, 0) f_p 3.98610931916 f_n 3.98610931916 numgrad 0.0 grad[ix] 0.0
x pos
[[-0.96735714 -0.02182641  0.25247529]
 [ 0.73663029 -0.48088687 -0.47552459]
 [-0.27323645  0.12538062  0.95374082]
 [-0.56713774 -0.27168229 -0.77748902]
 [-0.59609459  0.7795666   0.19221644]
 [-0.6831809  -0.04200519  0.72904007]
 [ 0.18289107  0.76098587 -0.62245591]
 [-0.61517874  0.5147624  -0.59713884]
 [-0.33867074 -0.80966534 -0.47931635]
 [-0.52629529 -0.78190408  0.33412466]]
x neg
[[-0.96735714 -0.02182641  0.25247529]
 [ 0.73663029 -0.48088687 -0.47552459]
 [-0.27323645  0.12538062  0.95374082]
 [-0.56713774 -0.27188229 -0.77748902]
 [-0.59609459  0.7795666   0.19221644]
 [-0.6831809  -0.04200519  0.72904007]
 [ 0.18289107  0.76098587 -0.62245591]
 [-0.61517874  0.5147624  -0.59713884]
 [-0.33867074 -0.80966534 -0.47931635]
 [-0.52629529 -0.78190408  0.33412466]]
ix (3, 1) f_p 3.98610931916 f_n 3.98610931916 numgrad 0.0 grad[ix] 0.0
x pos
[[-0.96735714 -0.02182641  0.25247529]
 [ 0.73663029 -0.48088687 -0.47552459]
 [-0.27323645  0.12538062  0.95374082]
 [-0.56713774 -0.27178229 -0.77738902]
 [-0.59609459  0.7795666   0.19221644]
 [-0.6831809  -0.04200519  0.72904007]
 [ 0.18289107  0.76098587 -0.62245591]
 [-0.61517874  0.5147624  -0.59713884]
 [-0.33867074 -0.80966534 -0.47931635]
 [-0.52629529 -0.78190408  0.33412466]]
x neg
[[-0.96735714 -0.02182641  0.25247529]
 [ 0.73663029 -0.48088687 -0.47552459]
 [-0.27323645  0.12538062  0.95374082]
 [-0.56713774 -0.27178229 -0.77758902]
 [-0.59609459  0.7795666   0.19221644]
 [-0.6831809  -0.04200519  0.72904007]
 [ 0.18289107  0.76098587 -0.62245591]
 [-0.61517874  0.5147624  -0.59713884]
 [-0.33867074 -0.80966534 -0.47931635]
 [-0.52629529 -0.78190408  0.33412466]]
ix (3, 2) f_p 3.98610931916 f_n 3.98610931916 numgrad 0.0 grad[ix] 0.0
x pos
[[-0.96735714 -0.02182641  0.25247529]
 [ 0.73663029 -0.48088687 -0.47552459]
 [-0.27323645  0.12538062  0.95374082]
 [-0.56713774 -0.27178229 -0.77748902]
 [-0.59599459  0.7795666   0.19221644]
 [-0.6831809  -0.04200519  0.72904007]
 [ 0.18289107  0.76098587 -0.62245591]
 [-0.61517874  0.5147624  -0.59713884]
 [-0.33867074 -0.80966534 -0.47931635]
 [-0.52629529 -0.78190408  0.33412466]]
x neg
[[-0.96735714 -0.02182641  0.25247529]
 [ 0.73663029 -0.48088687 -0.47552459]
 [-0.27323645  0.12538062  0.95374082]
 [-0.56713774 -0.27178229 -0.77748902]
 [-0.59619459  0.7795666   0.19221644]
 [-0.6831809  -0.04200519  0.72904007]
 [ 0.18289107  0.76098587 -0.62245591]
 [-0.61517874  0.5147624  -0.59713884]
 [-0.33867074 -0.80966534 -0.47931635]
 [-0.52629529 -0.78190408  0.33412466]]
ix (4, 0) f_p 3.98610931916 f_n 3.98610931916 numgrad 0.0 grad[ix] 0.0
x pos
[[-0.96735714 -0.02182641  0.25247529]
 [ 0.73663029 -0.48088687 -0.47552459]
 [-0.27323645  0.12538062  0.95374082]
 [-0.56713774 -0.27178229 -0.77748902]
 [-0.59609459  0.7796666   0.19221644]
 [-0.6831809  -0.04200519  0.72904007]
 [ 0.18289107  0.76098587 -0.62245591]
 [-0.61517874  0.5147624  -0.59713884]
 [-0.33867074 -0.80966534 -0.47931635]
 [-0.52629529 -0.78190408  0.33412466]]
x neg
[[-0.96735714 -0.02182641  0.25247529]
 [ 0.73663029 -0.48088687 -0.47552459]
 [-0.27323645  0.12538062  0.95374082]
 [-0.56713774 -0.27178229 -0.77748902]
 [-0.59609459  0.7794666   0.19221644]
 [-0.6831809  -0.04200519  0.72904007]
 [ 0.18289107  0.76098587 -0.62245591]
 [-0.61517874  0.5147624  -0.59713884]
 [-0.33867074 -0.80966534 -0.47931635]
 [-0.52629529 -0.78190408  0.33412466]]
ix (4, 1) f_p 3.98610931916 f_n 3.98610931916 numgrad 0.0 grad[ix] 0.0
x pos
[[-0.96735714 -0.02182641  0.25247529]
 [ 0.73663029 -0.48088687 -0.47552459]
 [-0.27323645  0.12538062  0.95374082]
 [-0.56713774 -0.27178229 -0.77748902]
 [-0.59609459  0.7795666   0.19231644]
 [-0.6831809  -0.04200519  0.72904007]
 [ 0.18289107  0.76098587 -0.62245591]
 [-0.61517874  0.5147624  -0.59713884]
 [-0.33867074 -0.80966534 -0.47931635]
 [-0.52629529 -0.78190408  0.33412466]]
x neg
[[-0.96735714 -0.02182641  0.25247529]
 [ 0.73663029 -0.48088687 -0.47552459]
 [-0.27323645  0.12538062  0.95374082]
 [-0.56713774 -0.27178229 -0.77748902]
 [-0.59609459  0.7795666   0.19211644]
 [-0.6831809  -0.04200519  0.72904007]
 [ 0.18289107  0.76098587 -0.62245591]
 [-0.61517874  0.5147624  -0.59713884]
 [-0.33867074 -0.80966534 -0.47931635]
 [-0.52629529 -0.78190408  0.33412466]]
ix (4, 2) f_p 3.98610931916 f_n 3.98610931916 numgrad 0.0 grad[ix] 0.0
x pos
[[-0.96735714 -0.02182641  0.25247529]
 [ 0.73663029 -0.48088687 -0.47552459]
 [-0.27323645  0.12538062  0.95374082]
 [-0.56713774 -0.27178229 -0.77748902]
 [-0.59609459  0.7795666   0.19221644]
 [-0.6830809  -0.04200519  0.72904007]
 [ 0.18289107  0.76098587 -0.62245591]
 [-0.61517874  0.5147624  -0.59713884]
 [-0.33867074 -0.80966534 -0.47931635]
 [-0.52629529 -0.78190408  0.33412466]]
x neg
[[-0.96735714 -0.02182641  0.25247529]
 [ 0.73663029 -0.48088687 -0.47552459]
 [-0.27323645  0.12538062  0.95374082]
 [-0.56713774 -0.27178229 -0.77748902]
 [-0.59609459  0.7795666   0.19221644]
 [-0.6832809  -0.04200519  0.72904007]
 [ 0.18289107  0.76098587 -0.62245591]
 [-0.61517874  0.5147624  -0.59713884]
 [-0.33867074 -0.80966534 -0.47931635]
 [-0.52629529 -0.78190408  0.33412466]]
ix (5, 0) f_p 3.98605009673 f_n 3.98616854255 numgrad -0.592229101135 grad[ix] -0.592229101229
x pos
[[-0.96735714 -0.02182641  0.25247529]
 [ 0.73663029 -0.48088687 -0.47552459]
 [-0.27323645  0.12538062  0.95374082]
 [-0.56713774 -0.27178229 -0.77748902]
 [-0.59609459  0.7795666   0.19221644]
 [-0.6831809  -0.04190519  0.72904007]
 [ 0.18289107  0.76098587 -0.62245591]
 [-0.61517874  0.5147624  -0.59713884]
 [-0.33867074 -0.80966534 -0.47931635]
 [-0.52629529 -0.78190408  0.33412466]]
x neg
[[-0.96735714 -0.02182641  0.25247529]
 [ 0.73663029 -0.48088687 -0.47552459]
 [-0.27323645  0.12538062  0.95374082]
 [-0.56713774 -0.27178229 -0.77748902]
 [-0.59609459  0.7795666   0.19221644]
 [-0.6831809  -0.04210519  0.72904007]
 [ 0.18289107  0.76098587 -0.62245591]
 [-0.61517874  0.5147624  -0.59713884]
 [-0.33867074 -0.80966534 -0.47931635]
 [-0.52629529 -0.78190408  0.33412466]]
ix (5, 1) f_p 3.98614798126 f_n 3.98607065748 numgrad 0.38661890446 grad[ix] 0.386618904485
x pos
[[-0.96735714 -0.02182641  0.25247529]
 [ 0.73663029 -0.48088687 -0.47552459]
 [-0.27323645  0.12538062  0.95374082]
 [-0.56713774 -0.27178229 -0.77748902]
 [-0.59609459  0.7795666   0.19221644]
 [-0.6831809  -0.04200519  0.72914007]
 [ 0.18289107  0.76098587 -0.62245591]
 [-0.61517874  0.5147624  -0.59713884]
 [-0.33867074 -0.80966534 -0.47931635]
 [-0.52629529 -0.78190408  0.33412466]]
x neg
[[-0.96735714 -0.02182641  0.25247529]
 [ 0.73663029 -0.48088687 -0.47552459]
 [-0.27323645  0.12538062  0.95374082]
 [-0.56713774 -0.27178229 -0.77748902]
 [-0.59609459  0.7795666   0.19221644]
 [-0.6831809  -0.04200519  0.72894007]
 [ 0.18289107  0.76098587 -0.62245591]
 [-0.61517874  0.5147624  -0.59713884]
 [-0.33867074 -0.80966534 -0.47931635]
 [-0.52629529 -0.78190408  0.33412466]]
ix (5, 2) f_p 3.98614755014 f_n 3.98607108858 numgrad 0.382307789533 grad[ix] 0.382307789559
x pos
[[-0.96735714 -0.02182641  0.25247529]
 [ 0.73663029 -0.48088687 -0.47552459]
 [-0.27323645  0.12538062  0.95374082]
 [-0.56713774 -0.27178229 -0.77748902]
 [-0.59609459  0.7795666   0.19221644]
 [-0.6831809  -0.04200519  0.72904007]
 [ 0.18299107  0.76098587 -0.62245591]
 [-0.61517874  0.5147624  -0.59713884]
 [-0.33867074 -0.80966534 -0.47931635]
 [-0.52629529 -0.78190408  0.33412466]]
x neg
[[-0.96735714 -0.02182641  0.25247529]
 [ 0.73663029 -0.48088687 -0.47552459]
 [-0.27323645  0.12538062  0.95374082]
 [-0.56713774 -0.27178229 -0.77748902]
 [-0.59609459  0.7795666   0.19221644]
 [-0.6831809  -0.04200519  0.72904007]
 [ 0.18279107  0.76098587 -0.62245591]
 [-0.61517874  0.5147624  -0.59713884]
 [-0.33867074 -0.80966534 -0.47931635]
 [-0.52629529 -0.78190408  0.33412466]]
ix (6, 0) f_p 3.98614464218 f_n 3.98607399812 numgrad 0.353220335798 grad[ix] 0.353220335671
x pos
[[-0.96735714 -0.02182641  0.25247529]
 [ 0.73663029 -0.48088687 -0.47552459]
 [-0.27323645  0.12538062  0.95374082]
 [-0.56713774 -0.27178229 -0.77748902]
 [-0.59609459  0.7795666   0.19221644]
 [-0.6831809  -0.04200519  0.72904007]
 [ 0.18289107  0.76108587 -0.62245591]
 [-0.61517874  0.5147624  -0.59713884]
 [-0.33867074 -0.80966534 -0.47931635]
 [-0.52629529 -0.78190408  0.33412466]]
x neg
[[-0.96735714 -0.02182641  0.25247529]
 [ 0.73663029 -0.48088687 -0.47552459]
 [-0.27323645  0.12538062  0.95374082]
 [-0.56713774 -0.27178229 -0.77748902]
 [-0.59609459  0.7795666   0.19221644]
 [-0.6831809  -0.04200519  0.72904007]
 [ 0.18289107  0.76088587 -0.62245591]
 [-0.61517874  0.5147624  -0.59713884]
 [-0.33867074 -0.80966534 -0.47931635]
 [-0.52629529 -0.78190408  0.33412466]]
ix (6, 1) f_p 3.98608626066 f_n 3.98613237851 numgrad -0.230589241488 grad[ix] -0.230589241453
x pos
[[-0.96735714 -0.02182641  0.25247529]
 [ 0.73663029 -0.48088687 -0.47552459]
 [-0.27323645  0.12538062  0.95374082]
 [-0.56713774 -0.27178229 -0.77748902]
 [-0.59609459  0.7795666   0.19221644]
 [-0.6831809  -0.04200519  0.72904007]
 [ 0.18289107  0.76098587 -0.62235591]
 [-0.61517874  0.5147624  -0.59713884]
 [-0.33867074 -0.80966534 -0.47931635]
 [-0.52629529 -0.78190408  0.33412466]]
x neg
[[-0.96735714 -0.02182641  0.25247529]
 [ 0.73663029 -0.48088687 -0.47552459]
 [-0.27323645  0.12538062  0.95374082]
 [-0.56713774 -0.27178229 -0.77748902]
 [-0.59609459  0.7795666   0.19221644]
 [-0.6831809  -0.04200519  0.72904007]
 [ 0.18289107  0.76098587 -0.62255591]
 [-0.61517874  0.5147624  -0.59713884]
 [-0.33867074 -0.80966534 -0.47931635]
 [-0.52629529 -0.78190408  0.33412466]]
ix (6, 2) f_p 3.98608651778 f_n 3.98613212137 numgrad -0.228017984083 grad[ix] -0.228017984049
x pos
[[-0.96735714 -0.02182641  0.25247529]
 [ 0.73663029 -0.48088687 -0.47552459]
 [-0.27323645  0.12538062  0.95374082]
 [-0.56713774 -0.27178229 -0.77748902]
 [-0.59609459  0.7795666   0.19221644]
 [-0.6831809  -0.04200519  0.72904007]
 [ 0.18289107  0.76098587 -0.62245591]
 [-0.61507874  0.5147624  -0.59713884]
 [-0.33867074 -0.80966534 -0.47931635]
 [-0.52629529 -0.78190408  0.33412466]]
x neg
[[-0.96735714 -0.02182641  0.25247529]
 [ 0.73663029 -0.48088687 -0.47552459]
 [-0.27323645  0.12538062  0.95374082]
 [-0.56713774 -0.27178229 -0.77748902]
 [-0.59609459  0.7795666   0.19221644]
 [-0.6831809  -0.04200519  0.72904007]
 [ 0.18289107  0.76098587 -0.62245591]
 [-0.61527874  0.5147624  -0.59713884]
 [-0.33867074 -0.80966534 -0.47931635]
 [-0.52629529 -0.78190408  0.33412466]]
ix (7, 0) f_p 3.98613114343 f_n 3.98608749626 numgrad 0.218235857554 grad[ix] 0.218235857437
x pos
[[-0.96735714 -0.02182641  0.25247529]
 [ 0.73663029 -0.48088687 -0.47552459]
 [-0.27323645  0.12538062  0.95374082]
 [-0.56713774 -0.27178229 -0.77748902]
 [-0.59609459  0.7795666   0.19221644]
 [-0.6831809  -0.04200519  0.72904007]
 [ 0.18289107  0.76098587 -0.62245591]
 [-0.61517874  0.5148624  -0.59713884]
 [-0.33867074 -0.80966534 -0.47931635]
 [-0.52629529 -0.78190408  0.33412466]]
x neg
[[-0.96735714 -0.02182641  0.25247529]
 [ 0.73663029 -0.48088687 -0.47552459]
 [-0.27323645  0.12538062  0.95374082]
 [-0.56713774 -0.27178229 -0.77748902]
 [-0.59609459  0.7795666   0.19221644]
 [-0.6831809  -0.04200519  0.72904007]
 [ 0.18289107  0.76098587 -0.62245591]
 [-0.61517874  0.5146624  -0.59713884]
 [-0.33867074 -0.80966534 -0.47931635]
 [-0.52629529 -0.78190408  0.33412466]]
ix (7, 1) f_p 3.98609507258 f_n 3.98612356632 numgrad -0.142468696602 grad[ix] -0.142468696567
x pos
[[-0.96735714 -0.02182641  0.25247529]
 [ 0.73663029 -0.48088687 -0.47552459]
 [-0.27323645  0.12538062  0.95374082]
 [-0.56713774 -0.27178229 -0.77748902]
 [-0.59609459  0.7795666   0.19221644]
 [-0.6831809  -0.04200519  0.72904007]
 [ 0.18289107  0.76098587 -0.62245591]
 [-0.61517874  0.5147624  -0.59703884]
 [-0.33867074 -0.80966534 -0.47931635]
 [-0.52629529 -0.78190408  0.33412466]]
x neg
[[-0.96735714 -0.02182641  0.25247529]
 [ 0.73663029 -0.48088687 -0.47552459]
 [-0.27323645  0.12538062  0.95374082]
 [-0.56713774 -0.27178229 -0.77748902]
 [-0.59609459  0.7795666   0.19221644]
 [-0.6831809  -0.04200519  0.72904007]
 [ 0.18289107  0.76098587 -0.62245591]
 [-0.61517874  0.5147624  -0.59723884]
 [-0.33867074 -0.80966534 -0.47931635]
 [-0.52629529 -0.78190408  0.33412466]]
ix (7, 2) f_p 3.98609523144 f_n 3.98612340745 numgrad -0.140880054869 grad[ix] -0.14088005484
x pos
[[-0.96735714 -0.02182641  0.25247529]
 [ 0.73663029 -0.48088687 -0.47552459]
 [-0.27323645  0.12538062  0.95374082]
 [-0.56713774 -0.27178229 -0.77748902]
 [-0.59609459  0.7795666   0.19221644]
 [-0.6831809  -0.04200519  0.72904007]
 [ 0.18289107  0.76098587 -0.62245591]
 [-0.61517874  0.5147624  -0.59713884]
 [-0.33857074 -0.80966534 -0.47931635]
 [-0.52629529 -0.78190408  0.33412466]]
x neg
[[-0.96735714 -0.02182641  0.25247529]
 [ 0.73663029 -0.48088687 -0.47552459]
 [-0.27323645  0.12538062  0.95374082]
 [-0.56713774 -0.27178229 -0.77748902]
 [-0.59609459  0.7795666   0.19221644]
 [-0.6831809  -0.04200519  0.72904007]
 [ 0.18289107  0.76098587 -0.62245591]
 [-0.61517874  0.5147624  -0.59713884]
 [-0.33877074 -0.80966534 -0.47931635]
 [-0.52629529 -0.78190408  0.33412466]]
ix (8, 0) f_p 3.98615714532 f_n 3.98606149538 numgrad 0.478249698139 grad[ix] 0.478249698039
x pos
[[-0.96735714 -0.02182641  0.25247529]
 [ 0.73663029 -0.48088687 -0.47552459]
 [-0.27323645  0.12538062  0.95374082]
 [-0.56713774 -0.27178229 -0.77748902]
 [-0.59609459  0.7795666   0.19221644]
 [-0.6831809  -0.04200519  0.72904007]
 [ 0.18289107  0.76098587 -0.62245591]
 [-0.61517874  0.5147624  -0.59713884]
 [-0.33867074 -0.80956534 -0.47931635]
 [-0.52629529 -0.78190408  0.33412466]]
x neg
[[-0.96735714 -0.02182641  0.25247529]
 [ 0.73663029 -0.48088687 -0.47552459]
 [-0.27323645  0.12538062  0.95374082]
 [-0.56713774 -0.27178229 -0.77748902]
 [-0.59609459  0.7795666   0.19221644]
 [-0.6831809  -0.04200519  0.72904007]
 [ 0.18289107  0.76098587 -0.62245591]
 [-0.61517874  0.5147624  -0.59713884]
 [-0.33867074 -0.80976534 -0.47931635]
 [-0.52629529 -0.78190408  0.33412466]]
ix (8, 1) f_p 3.98607809858 f_n 3.98614054076 numgrad -0.312210889264 grad[ix] -0.312210889236
x pos
[[-0.96735714 -0.02182641  0.25247529]
 [ 0.73663029 -0.48088687 -0.47552459]
 [-0.27323645  0.12538062  0.95374082]
 [-0.56713774 -0.27178229 -0.77748902]
 [-0.59609459  0.7795666   0.19221644]
 [-0.6831809  -0.04200519  0.72904007]
 [ 0.18289107  0.76098587 -0.62245591]
 [-0.61517874  0.5147624  -0.59713884]
 [-0.33867074 -0.80966534 -0.47921635]
 [-0.52629529 -0.78190408  0.33412466]]
x neg
[[-0.96735714 -0.02182641  0.25247529]
 [ 0.73663029 -0.48088687 -0.47552459]
 [-0.27323645  0.12538062  0.95374082]
 [-0.56713774 -0.27178229 -0.77748902]
 [-0.59609459  0.7795666   0.19221644]
 [-0.6831809  -0.04200519  0.72904007]
 [ 0.18289107  0.76098587 -0.62245591]
 [-0.61517874  0.5147624  -0.59713884]
 [-0.33867074 -0.80966534 -0.47941635]
 [-0.52629529 -0.78190408  0.33412466]]
ix (8, 2) f_p 3.98607844671 f_n 3.98614019261 numgrad -0.308729484166 grad[ix] -0.308729484139
x pos
[[-0.96735714 -0.02182641  0.25247529]
 [ 0.73663029 -0.48088687 -0.47552459]
 [-0.27323645  0.12538062  0.95374082]
 [-0.56713774 -0.27178229 -0.77748902]
 [-0.59609459  0.7795666   0.19221644]
 [-0.6831809  -0.04200519  0.72904007]
 [ 0.18289107  0.76098587 -0.62245591]
 [-0.61517874  0.5147624  -0.59713884]
 [-0.33867074 -0.80966534 -0.47931635]
 [-0.52619529 -0.78190408  0.33412466]]
x neg
[[-0.96735714 -0.02182641  0.25247529]
 [ 0.73663029 -0.48088687 -0.47552459]
 [-0.27323645  0.12538062  0.95374082]
 [-0.56713774 -0.27178229 -0.77748902]
 [-0.59609459  0.7795666   0.19221644]
 [-0.6831809  -0.04200519  0.72904007]
 [ 0.18289107  0.76098587 -0.62245591]
 [-0.61517874  0.5147624  -0.59713884]
 [-0.33867074 -0.80966534 -0.47931635]
 [-0.52639529 -0.78190408  0.33412466]]
ix (9, 0) f_p 3.98606357232 f_n 3.98615506767 numgrad -0.457476789792 grad[ix] -0.457476789918
x pos
[[-0.96735714 -0.02182641  0.25247529]
 [ 0.73663029 -0.48088687 -0.47552459]
 [-0.27323645  0.12538062  0.95374082]
 [-0.56713774 -0.27178229 -0.77748902]
 [-0.59609459  0.7795666   0.19221644]
 [-0.6831809  -0.04200519  0.72904007]
 [ 0.18289107  0.76098587 -0.62245591]
 [-0.61517874  0.5147624  -0.59713884]
 [-0.33867074 -0.80966534 -0.47931635]
 [-0.52629529 -0.78180408  0.33412466]]
x neg
[[-0.96735714 -0.02182641  0.25247529]
 [ 0.73663029 -0.48088687 -0.47552459]
 [-0.27323645  0.12538062  0.95374082]
 [-0.56713774 -0.27178229 -0.77748902]
 [-0.59609459  0.7795666   0.19221644]
 [-0.6831809  -0.04200519  0.72904007]
 [ 0.18289107  0.76098587 -0.62245591]
 [-0.61517874  0.5147624  -0.59713884]
 [-0.33867074 -0.80966534 -0.47931635]
 [-0.52629529 -0.78200408  0.33412466]]
ix (9, 1) f_p 3.98613918451 f_n 3.98607945452 numgrad 0.298649922734 grad[ix] 0.298649922771
x pos
[[-0.96735714 -0.02182641  0.25247529]
 [ 0.73663029 -0.48088687 -0.47552459]
 [-0.27323645  0.12538062  0.95374082]
 [-0.56713774 -0.27178229 -0.77748902]
 [-0.59609459  0.7795666   0.19221644]
 [-0.6831809  -0.04200519  0.72904007]
 [ 0.18289107  0.76098587 -0.62245591]
 [-0.61517874  0.5147624  -0.59713884]
 [-0.33867074 -0.80966534 -0.47931635]
 [-0.52629529 -0.78190408  0.33422466]]
x neg
[[-0.96735714 -0.02182641  0.25247529]
 [ 0.73663029 -0.48088687 -0.47552459]
 [-0.27323645  0.12538062  0.95374082]
 [-0.56713774 -0.27178229 -0.77748902]
 [-0.59609459  0.7795666   0.19221644]
 [-0.6831809  -0.04200519  0.72904007]
 [ 0.18289107  0.76098587 -0.62245591]
 [-0.61517874  0.5147624  -0.59713884]
 [-0.33867074 -0.80966534 -0.47931635]
 [-0.52629529 -0.78190408  0.33402466]]
ix (9, 2) f_p 3.98613885148 f_n 3.98607978754 numgrad 0.295319733437 grad[ix] 0.295319733469
Gradient check passed!

Process finished with exit code 0
